..............................................................................
|  SL  |    Range    | Occurrence | Expected occ  |  (O-E)^2  |   (O-E)^2/E  |
..............................................................................
|   1  |    0 -   99 |     498    |      500      |        4  |       0.01   |
|   2  |  100 -  199 |     514    |      500      |      196  |       0.39   |
|   3  |  200 -  299 |     482    |      500      |      324  |       0.65   |
|   4  |  300 -  399 |     535    |      500      |     1225  |       2.45   |
|   5  |  400 -  499 |     514    |      500      |      196  |       0.39   |
|   6  |  500 -  599 |     497    |      500      |        9  |       0.02   |
|   7  |  600 -  699 |     472    |      500      |      784  |       1.57   |
|   8  |  700 -  799 |     504    |      500      |       16  |       0.03   |
|   9  |  800 -  899 |     486    |      500      |      196  |       0.39   |
|  10  |  900 -  999 |     498    |      500      |        4  |       0.01   |
..............................................................................
|                                            Total chi-square =     5.9080   |

Result : ACCEPTED
